title,chunk_idx,mae,rmse,forecast,model_path
1986 in England,0,1.2475069761276245,4.096902847290039,"[[1.69482484e-13 9.51499689e-14 1.12821746e-13 ... 1.24709000e-13
  1.19707507e-13 1.09819197e-13]
 [1.34662340e-14 3.06975514e-14 1.55468849e-14 ... 4.81386984e-14
  5.54026715e-17 5.81983236e-17]
 [5.39947452e-16 2.67585146e-16 3.14372414e-16 ... 4.04469853e-16
  3.38081316e-16 6.47696364e-15]
 ...
 [8.22191694e-16 7.52973115e-16 1.03746215e-15 ... 9.51067397e-15
  4.51206286e-14 4.42692042e-17]
 [2.43181208e-13 4.97415829e-14 2.16565894e-14 ... 3.48031981e-14
  6.20548941e-14 8.66150413e-14]
 [5.69226978e-15 3.25632478e-15 1.79483867e-15 ... 1.46451912e-15
  9.00699854e-15 7.47318693e-16]]",models/tft_1_1986_in_England.pt
Battle of Ayshal,0,2.319315195083618,3.6393613815307617,"[[4.6410017 4.4861116 4.380872  ... 4.185308  4.2468567 4.194888 ]
 [7.83665   7.875826  7.711055  ... 7.323953  7.1683536 6.9954762]
 [3.4549594 2.9270718 3.2001214 ... 3.5343187 3.618311  3.662865 ]
 ...
 [2.733902  2.8275857 2.8614151 ... 2.9195533 3.0311987 3.116469 ]
 [5.7689633 5.493337  5.333237  ... 5.080638  5.017918  5.068062 ]
 [3.7475543 3.528856  3.4062448 ... 3.260861  3.2359214 3.1838727]]",models/tft_2_Battle_of_Ayshal.pt
2012 World Mountain Running Championships,0,0.5278112888336182,1.032852053642273,"[[9.35080243e-15 9.79475095e-12 7.49880279e-12 ... 1.19010932e-12
  3.09154286e-14 7.49563172e-15]
 [4.36334736e-12 3.61860498e-12 1.63421692e-14 ... 1.77049148e-14
  1.56988239e-14 1.08581399e-09]
 [4.65484042e-13 3.40456694e-13 5.90907802e-14 ... 5.65933798e-15
  3.47171255e-15 4.98097765e-13]
 ...
 [1.06413524e-11 1.04889643e-12 1.59108715e-13 ... 8.75139405e-10
  4.95435082e-10 9.52401699e-11]
 [7.65099620e-15 8.27942349e-15 9.83673971e-13 ... 5.92162089e-15
  9.52843117e-15 1.72815575e-14]
 [2.81917909e-11 1.26468298e-11 1.21012714e-11 ... 1.29520689e-12
  1.01983709e-13 1.08361664e-13]]",models/tft_3_2012_World_Mountain_Running_Championships.pt
Anthony Aucher,0,1.628652572631836,2.8880131244659424,"[[5.0708088e-16 6.0531365e-20 1.3623999e-19 ... 5.4711013e-19
  2.5603841e-18 1.0169335e-16]
 [7.6029395e-13 5.8782796e-13 9.2587038e-13 ... 1.1878166e-12
  1.1362581e-12 3.0785825e-16]
 [2.7967304e-13 4.8092379e-13 1.1600575e-12 ... 1.4518603e-13
  1.4747743e-13 1.5306881e-13]
 ...
 [3.0339867e-17 3.8895832e-17 3.6484536e-16 ... 3.0851126e-20
  3.2034482e-20 5.4265963e-20]
 [5.8700186e-18 3.9591180e-17 2.6575002e-16 ... 3.1079001e-19
  5.4372086e-19 1.5366869e-18]
 [2.9709035e-17 3.0295688e-17 1.1042758e-15 ... 1.8060910e-20
  1.9061503e-20 4.9221037e-20]]",models/tft_4_Anthony_Aucher.pt
2008 Cotton Bowl Classic,0,6.4909186363220215,32.0604248046875,"[[ 6.1926594  6.2330236  6.1906037 ...  6.059534   6.0212016  5.8996167]
 [12.815193  12.940095  13.240084  ... 14.378954  15.036725  12.680821 ]
 [ 7.954307   8.165617   8.425727  ...  8.5989485  8.841994   9.079617 ]
 ...
 [11.003827  10.891263  10.972995  ... 11.486953  11.8584585 12.2041855]
 [ 6.451223   6.446759   6.3805523 ...  6.213118   6.1570425  6.021098 ]
 [13.4852295 13.0229    12.781153  ... 12.486407  12.323589  12.485171 ]]",models/tft_5_2008_Cotton_Bowl_Classic.pt
Brian Dear,0,8.545557975769043,55.44181442260742,"[[17.43417  17.628088 17.234785 ... 16.317583 15.430073 15.59334 ]
 [16.71164  16.09491  13.781783 ... 13.070236 13.039266 12.186706]
 [16.921438 15.976358 15.691994 ... 15.954984 15.625644 16.428152]
 ...
 [12.937726 14.835005 16.265934 ... 14.484593 13.991775 13.948392]
 [14.526054 16.613161 17.407024 ... 19.27013  16.838108 16.762203]
 [13.632742 16.319427 17.089912 ... 19.650677 20.901537 21.368687]]",models/tft_6_Brian_Dear.pt
1981 in jazz,0,1.485671877861023,2.3229823112487793,"[[1.4869236  1.4807783  1.4694723  ... 1.3859211  1.428053   1.6653175 ]
 [1.3004861  1.4140333  1.2921772  ... 1.0782406  1.0960735  1.1300081 ]
 [1.3841699  1.4630462  1.5430654  ... 1.732693   1.8236266  1.5044699 ]
 ...
 [1.4205784  1.3754065  1.4385387  ... 1.6718309  1.6846857  1.6732047 ]
 [1.6322372  1.5016016  1.4141326  ... 1.3926879  1.5240545  1.6934018 ]
 [0.79446137 0.89394027 0.9379272  ... 1.0790702  1.2040269  1.2307335 ]]",models/tft_7_1981_in_jazz.pt
2003 King George VI and Queen Elizabeth Stakes,0,0.6595025658607483,1.3603111505508423,"[[8.3780436e-22 7.6970459e-22 7.2610549e-22 ... 1.0901133e-21
  9.2534054e-21 1.3633008e-17]
 [1.6572743e-12 5.5892297e-13 1.9839279e-13 ... 4.7114561e-12
  4.8728955e-12 2.6523306e-12]
 [6.7821362e-21 8.7692866e-18 8.3731085e-18 ... 2.2451779e-22
  2.5855543e-22 2.6689520e-22]
 ...
 [1.5287978e-20 1.0909833e-20 1.1232985e-20 ... 8.9452685e-21
  8.7192721e-21 7.6532204e-21]
 [3.9957906e-17 3.9449468e-17 1.9446015e-17 ... 1.1679093e-17
  1.2022233e-17 7.0847548e-18]
 [1.0119197e-21 6.1035150e-22 8.5800278e-22 ... 3.8609410e-21
  4.4511263e-21 4.9968866e-21]]",models/tft_8_2003_King_George_VI_and_Queen_Elizabeth_Stakes.pt
England Knights match results,0,0.7286551594734192,1.6373159885406494,"[[2.0941537e-18 8.7653362e-19 1.1579141e-18 ... 8.0782144e-18
  1.0812938e-17 1.5565939e-17]
 [1.8261064e-19 4.6398639e-19 9.4933955e-20 ... 1.5434068e-19
  3.5207718e-19 4.4125179e-19]
 [1.5662081e-16 2.0713694e-16 2.1411038e-16 ... 3.0857632e-18
  3.2330133e-18 3.3500627e-18]
 ...
 [6.0335957e-17 1.3517262e-18 1.7411085e-18 ... 1.3667942e-18
  2.2046899e-18 2.1666379e-18]
 [6.9543683e-21 1.6918885e-21 1.7426407e-21 ... 2.1940827e-20
  1.9710292e-20 1.6299316e-20]
 [8.2666524e-20 1.5060560e-19 7.2211756e-20 ... 4.3979983e-19
  4.4424795e-19 5.6894139e-19]]",models/tft_9_England_Knights_match_results.pt
Bare-eared squirrel monkey,0,2.1248831748962402,2.820288896560669,"[[4.5866547 4.6263027 4.6574335 ... 4.759524  4.6944127 4.679476 ]
 [4.681814  4.791348  4.8266354 ... 4.895034  4.816858  4.8011556]
 [3.8443496 3.8825479 3.8915548 ... 3.9269607 3.9533393 3.9823587]
 ...
 [4.318263  4.448685  4.58842   ... 4.762182  4.79423   4.8534155]
 [3.8644137 3.839802  3.8135173 ... 3.8355052 3.8844483 3.9781651]
 [4.534462  4.635178  4.6681504 ... 4.6774645 4.677248  4.6664844]]",models/tft_10_Bare-eared_squirrel_monkey.pt
2009 Australian Swimming Championships,0,0.7302565574645996,2.0588672161102295,"[[5.15739822e-19 3.28654341e-19 3.23460293e-19 ... 4.02328708e-19
  3.67438488e-19 6.11769701e-19]
 [1.69068888e-13 3.81142898e-13 4.24227602e-13 ... 8.99598050e-14
  1.05618537e-13 1.06538523e-13]
 [1.85314863e-15 1.92924247e-15 2.99509876e-15 ... 7.86143560e-16
  8.38244875e-16 8.40306712e-16]
 ...
 [3.35269292e-20 3.97145503e-20 7.53537304e-21 ... 1.18096689e-20
  3.47163761e-20 6.36382228e-20]
 [1.59881413e-13 1.80535356e-13 3.85309799e-14 ... 5.51233253e-14
  5.65567185e-14 8.68411652e-14]
 [6.67118270e-14 6.62699808e-14 1.65952565e-13 ... 1.54133176e-13
  5.42609848e-13 9.67809952e-14]]",models/tft_11_2009_Australian_Swimming_Championships.pt
Beth Hart discography,0,9.837355613708496,14.380484580993652,"[[ 36.136307  36.87993   37.56594  ...  34.638607  34.234962  34.775345]
 [ 46.77172   46.651123  42.94566  ...  40.971077  40.40545   40.11712 ]
 [101.2461   102.02611  102.55673  ... 102.79689  102.854454 102.50125 ]
 ...
 [ 32.53556   32.565193  33.423817 ...  34.168118  34.206223  30.655502]
 [ 35.74652   35.70287   36.089832 ...  37.019974  36.0815    35.8005  ]
 [ 35.231163  35.31141   35.999905 ...  37.806137  37.149376  37.320923]]",models/tft_12_Beth_Hart_discography.pt
A Strange Encounter,0,1.3695720434188843,1.9053703546524048,"[[2.5420215 2.5016527 2.409889  ... 2.4022179 2.4967718 2.4927855]
 [2.2620826 2.199701  2.2511854 ... 2.2142203 2.277109  2.266844 ]
 [2.260365  2.2258632 2.0871174 ... 2.0373852 2.0485728 2.1137383]
 ...
 [2.294604  2.2559865 2.225504  ... 2.0842607 1.9901431 1.9751908]
 [2.665039  2.5937855 2.592667  ... 2.6916652 2.7476184 2.7554386]
 [2.6422598 2.6623154 2.6416938 ... 2.598833  2.512761  2.4703383]]",models/tft_13_A_Strange_Encounter.pt
Anna-Maria Haas,0,1.0672088861465454,1.7144310474395752,"[[1.2674279e-12 7.5616070e-13 1.3622067e-13 ... 3.5290638e-14
  3.5175320e-14 1.8133522e-14]
 [6.0584682e-14 5.3874236e-14 4.0932431e-12 ... 2.1676862e-12
  2.0337133e-12 1.0838364e-12]
 [1.0571478e-11 5.2302477e-12 2.9235017e-12 ... 1.2373149e-12
  8.7549990e-14 3.1806995e-14]
 ...
 [2.0655956e-14 3.4981460e-12 2.5761606e-12 ... 1.5993396e-12
  2.9433964e-13 3.0682816e-13]
 [2.9868412e-13 2.3373430e-14 3.3240531e-12 ... 1.2745600e-12
  4.9100627e-13 1.1676800e-13]
 [8.8143848e-13 5.0108604e-13 7.2365846e-14 ... 2.3352154e-12
  2.0686770e-12 1.4795706e-12]]",models/tft_14_Anna-Maria_Haas.pt
1896 Ole Miss Rebels football team,0,0.71810382604599,1.2976129055023193,"[[4.1770090e-16 3.7507511e-16 4.3400896e-16 ... 3.9190600e-16
  3.9159667e-16 1.5483746e-16]
 [3.5402515e-16 2.1669789e-16 2.4654956e-16 ... 3.0138708e-16
  2.9871332e-16 2.8512992e-16]
 [7.3977110e-16 4.5689296e-16 3.6299068e-16 ... 2.6727910e-16
  2.5791002e-16 1.3165872e-16]
 ...
 [3.4684940e-16 5.8038946e-16 5.9933404e-16 ... 5.7421443e-16
  4.3405865e-16 4.3940644e-16]
 [5.3286758e-16 4.4861681e-16 3.6515304e-16 ... 2.7323986e-16
  2.5372560e-16 2.5107303e-16]
 [5.2079583e-16 5.7940728e-16 4.5391188e-16 ... 2.3651450e-16
  2.3093697e-16 1.7009721e-16]]",models/tft_15_1896_Ole_Miss_Rebels_football_team.pt
2006 Enterprise Football League,0,0.43349528312683105,1.0150845050811768,"[[3.9647364e-19 1.1600844e-19 1.1382106e-19 ... 2.0472106e-19
  2.7539404e-19 3.3666897e-19]
 [9.9683732e-19 3.3167312e-20 3.2448344e-20 ... 4.0978198e-20
  7.5363831e-20 7.5820015e-20]
 [3.5521912e-19 4.6218096e-19 6.0404523e-19 ... 8.8063251e-19
  3.2871452e-19 3.6243252e-19]
 ...
 [1.0320523e-19 1.3342153e-19 1.6653040e-19 ... 5.6648094e-20
  6.8068143e-20 9.2250374e-20]
 [2.5121444e-19 2.2631357e-19 1.9630686e-19 ... 2.4163572e-19
  3.9818789e-19 3.9108701e-19]
 [3.6829855e-20 3.7948549e-20 3.5590118e-20 ... 4.2038715e-20
  4.8150765e-20 5.0391933e-20]]",models/tft_16_2006_Enterprise_Football_League.pt
Approximation to the identity,0,2.089555263519287,2.7486536502838135,"[[2.8134289 2.8186235 3.9942658 ... 3.9881923 3.7952192 3.1758323]
 [4.1457496 4.148794  3.5376883 ... 3.115936  3.1010966 3.0894144]
 [5.9611974 5.9733877 5.8395386 ... 4.823951  4.8252573 5.847914 ]
 ...
 [5.3328586 5.228211  4.3060074 ... 3.5207753 3.49947   3.4229004]
 [3.6374452 4.984628  5.002319  ... 4.901576  4.1167655 3.4736557]
 [6.1133823 5.4113555 5.4173374 ... 4.775446  4.6712494 4.6801896]]",models/tft_17_Approximation_to_the_identity.pt
Alfredo Grelak,0,1.1903570890426636,4.011189937591553,"[[3.14784167e-15 3.07049147e-15 6.70392886e-13 ... 7.61370730e-13
  7.70868775e-13 5.66351165e-13]
 [9.40926156e-13 8.46885658e-13 5.10387576e-13 ... 2.84368910e-13
  2.86665385e-13 1.62506388e-13]
 [1.10808315e-13 2.81006450e-14 3.08190821e-12 ... 6.65404255e-13
  2.98955413e-13 8.34143613e-14]
 ...
 [1.73612447e-14 4.90505938e-15 5.13232679e-15 ... 7.07751999e-13
  1.64692428e-14 7.62500224e-16]
 [2.39846608e-13 1.66289454e-12 1.65110915e-12 ... 9.50196193e-13
  5.90777319e-13 3.65280397e-13]
 [4.39123304e-12 3.44701416e-12 2.62759714e-12 ... 1.06398451e-12
  6.94922527e-13 4.62414287e-13]]",models/tft_18_Alfredo_Grelak.pt
"Bangladesh International School, English Section, Riyadh",0,2.57975697517395,6.44146728515625,"[[4.3785806 4.420417  4.638324  ... 4.2011604 4.156837  4.015461 ]
 [3.6236079 3.4924607 3.3632457 ... 3.100141  3.0152993 2.9977994]
 [4.8601704 4.595454  4.343623  ... 3.9595528 3.874046  3.8613968]
 ...
 [4.6378775 4.5594077 5.1818156 ... 4.710566  4.4654384 4.288402 ]
 [2.8576176 2.8873408 2.7526076 ... 2.6641414 2.659635  2.6369474]
 [5.040822  4.520893  4.5058084 ... 4.2332096 4.122398  4.115799 ]]",models/tft_19_Bangladesh_International_School_English_Section_Riyadh.pt
Bolzaneto,0,1.960171103477478,2.7416799068450928,"[[4.474959  4.518919  4.4479637 ... 3.0638714 3.1837552 4.630295 ]
 [2.982987  3.0472078 3.099211  ... 3.1649315 3.2847738 3.2625518]
 [2.7755477 2.7816246 2.756483  ... 2.6850293 2.6445603 3.0784066]
 ...
 [2.9085808 3.500872  3.3389711 ... 3.1917863 3.1252415 3.070363 ]
 [2.5173368 2.5612898 2.5705378 ... 3.0146801 2.967669  2.9047074]
 [6.0719895 5.8821597 5.6433873 ... 5.302296  5.2014437 4.1319547]]",models/tft_20_Bolzaneto.pt
Breeder (animal),1,3.083240509033203,6.6537933349609375,"[[ 7.1437426  7.2327113  6.7940154 ...  6.120307   6.033069   6.5621276]
 [ 6.4671555  6.1887336  6.2443132 ...  5.8749537  6.224046   5.9599094]
 [12.099026  11.773045  13.143453  ... 12.633601  12.395378  12.132849 ]
 ...
 [14.675093  16.42819   16.09399   ... 14.543541  14.091567  13.744386 ]
 [ 5.7621784  5.4906154  5.225562  ...  6.065822   6.1779184  6.3210263]
 [ 5.1658607  5.00641    4.941475  ...  5.6784525  5.6629477  5.7938538]]",models/tft_1_Breeder_animal.pt
1974–75 Boise State Broncos men's basketball team,1,0.44060018658638,0.9217257499694824,"[[1.8108117e-18 1.5921396e-18 3.2297994e-16 ... 8.5546606e-16
  9.1175113e-16 5.3387274e-16]
 [3.5063330e-21 3.7779100e-21 3.9936531e-19 ... 8.1002116e-19
  8.3437698e-19 6.6548986e-19]
 [7.3524248e-21 7.2566560e-21 6.8319407e-21 ... 1.3621304e-18
  1.4975721e-18 2.5182190e-18]
 ...
 [4.3285258e-19 3.0701439e-20 2.4452684e-20 ... 2.3235335e-17
  3.8040640e-17 1.7151755e-17]
 [1.1034657e-18 1.5522408e-18 1.5450276e-18 ... 3.2519908e-16
  7.1147702e-16 7.6165425e-16]
 [2.1906894e-18 1.3016047e-18 1.6931427e-19 ... 1.1145229e-20
  1.0083635e-20 1.7171321e-18]]",models/tft_2_197475_Boise_State_Broncos_mens_basketball_team.pt
Alexander Thoirs House,1,0.5219332575798035,0.9284370541572571,"[[4.0433145e-14 2.0482588e-14 2.2848365e-14 ... 4.1263027e-14
  2.4403138e-14 2.5652286e-14]
 [2.3501639e-14 4.6442227e-14 3.8619268e-14 ... 2.2652922e-14
  2.8296042e-14 4.0339009e-14]
 [1.9978316e-15 3.5788569e-15 9.5286853e-15 ... 1.1077608e-15
  9.1387528e-16 2.7722651e-15]
 ...
 [8.8892703e-15 1.4103343e-14 3.7897143e-15 ... 1.3024616e-14
  2.4719396e-14 2.9190859e-14]
 [5.6388228e-15 8.6207075e-15 1.5185466e-14 ... 2.9932386e-14
  2.9390529e-14 2.7903457e-14]
 [1.9903096e-14 1.4199379e-14 2.7007432e-14 ... 2.6155539e-14
  2.7929761e-14 2.4394620e-14]]",models/tft_3_Alexander_Thoirs_House.pt
2015 FIBA Europe Under-16 Championship for Women Division C,1,0.45815566182136536,0.9110931158065796,"[[5.1814024e-17 6.9009998e-17 5.0968705e-17 ... 3.3802054e-17
  3.6700740e-17 3.0352718e-17]
 [5.4387933e-16 5.0149639e-16 3.8637355e-16 ... 4.0563336e-16
  1.1007388e-15 1.0420314e-15]
 [1.4107034e-17 2.2191957e-17 2.0828416e-17 ... 2.0038975e-17
  2.1538905e-17 1.7506732e-17]
 ...
 [2.1013968e-17 2.5071591e-17 2.5170967e-17 ... 1.5289409e-16
  1.6335639e-16 9.0169933e-17]
 [1.6080048e-16 1.2085602e-16 1.4142982e-16 ... 3.1840956e-16
  3.4907273e-16 2.4815646e-16]
 [5.2729651e-17 5.3344292e-17 5.1229909e-17 ... 6.8434836e-17
  2.4802491e-16 2.0895514e-16]]",models/tft_4_2015_FIBA_Europe_Under-16_Championship_for_Women_Division_C.pt
Alfred Roller,1,3.1505892276763916,4.320064067840576,"[[ 7.9054823  8.404017  11.619489  ...  9.962122   8.7289715  7.9085555]
 [10.125871  10.316651  10.415177  ...  9.431619   9.313109   9.091005 ]
 [ 7.5739703  7.857421   9.578912  ...  9.556077   9.098629   7.990763 ]
 ...
 [ 9.63189    9.487827   9.191692  ...  9.164597   9.122769   9.164408 ]
 [ 7.693279   6.8747706  6.858696  ...  8.841765   8.63527    8.449007 ]
 [ 9.4738655  9.318578   9.594383  ...  9.620985   9.5146265  9.739672 ]]",models/tft_5_Alfred_Roller.pt
"Birchdale, Minnesota",1,1.9273602962493896,13.165432929992676,"[[2.0243108 1.9257705 1.7829642 ... 1.7863815 1.9348615 1.9101968]
 [1.3088464 1.3799027 1.4626904 ... 1.2494588 1.3885006 1.5704515]
 [1.6520947 1.723386  1.8959141 ... 1.9042845 1.7701505 1.6418296]
 ...
 [1.6886252 1.6563033 1.6138358 ... 1.7286059 1.7137238 1.9239386]
 [2.1413834 1.9445258 1.9178505 ... 2.0834243 2.1172495 1.9851071]
 [1.3878231 1.5832982 1.646303  ... 1.5450152 1.4272227 1.3798738]]",models/tft_6_Birchdale_Minnesota.pt
2003 FIA GT Oschersleben 500km,1,0.5432224273681641,1.3488762378692627,"[[3.97453985e-16 2.56141254e-16 2.09465914e-16 ... 2.44514271e-16
  2.44055788e-16 1.72622350e-16]
 [9.93500826e-18 6.28762483e-18 2.86586484e-18 ... 9.64279430e-18
  6.05353520e-18 3.65007838e-18]
 [1.36744355e-14 8.82810518e-15 3.71720875e-15 ... 9.32230486e-16
  1.95666559e-15 2.02559586e-15]
 ...
 [2.68344934e-14 6.99643158e-15 1.56895743e-14 ... 4.53529866e-14
  7.84966269e-15 1.59276764e-15]
 [1.06424570e-17 4.35567585e-18 1.85082952e-17 ... 1.00136938e-17
  4.35747083e-18 2.77197550e-18]
 [6.83584557e-15 8.42971477e-16 6.34914086e-16 ... 9.49098935e-16
  2.41578159e-15 3.47014999e-15]]",models/tft_7_2003_FIA_GT_Oschersleben_500km.pt
Alicurá Dam,1,1.2291818857192993,3.1370394229888916,"[[1.2053447 1.2915666 1.3749969 ... 2.2085023 2.231145  1.7837566]
 [1.2242877 2.0681949 1.9608972 ... 1.6513476 1.4646019 1.347338 ]
 [1.2306007 1.18048   1.1783203 ... 1.7823738 1.5660045 1.3933464]
 ...
 [1.3721769 1.2422581 1.2297969 ... 1.2000716 1.2062161 1.217709 ]
 [1.4841372 2.2869527 2.0557344 ... 1.6810106 1.5735068 1.5247102]
 [1.14349   1.2233866 1.2996447 ... 1.3891478 1.3983446 2.2193391]]",models/tft_8_Alicurá_Dam.pt
Braille pattern dots-24,1,2.328125,3.49644136428833,"[[3.3141522e-08 1.0132788e-07 9.5360640e-08 ... 7.5535539e-08
  5.9132109e-08 5.8409434e-08]
 [1.5449639e-09 3.9629627e-10 3.5653078e-10 ... 4.1707723e-10
  5.7311433e-10 5.6636607e-10]
 [6.3544214e-09 5.7868590e-09 5.7456049e-09 ... 5.7938943e-09
  5.9003757e-09 5.0597064e-09]
 ...
 [4.4377703e-08 4.1248832e-08 3.2961793e-08 ... 2.1679220e-08
  2.3430857e-08 6.6523469e-08]
 [1.6718790e-08 2.0167288e-08 2.0286924e-08 ... 5.3926833e-08
  4.6697298e-08 3.5898974e-08]
 [3.8704336e-08 3.2042440e-08 3.4786517e-08 ... 6.5259278e-09
  5.8693512e-09 5.8648864e-09]]",models/tft_9_Braille_pattern_dots-24.pt
Ayoor,1,3.3077597618103027,5.375531196594238,"[[ 4.986442   6.3982306  6.4285936 ...  6.2765265  6.030313   5.724414 ]
 [ 4.2636538  4.0845613  3.7893386 ...  4.868387   4.908151   4.905165 ]
 [ 8.643461   8.662174   8.522731  ...  7.7395573  7.29771    8.90077  ]
 ...
 [ 9.178165   9.20564    9.077176  ...  8.766785   8.768987   9.201932 ]
 [10.013305   9.766445   9.604506  ...  9.393993   9.346048   9.173143 ]
 [ 7.6491127  7.800013   7.682109  ...  7.4980364  7.5126143  7.203362 ]]",models/tft_10_Ayoor.pt
1973 New York Jets season,1,4.371430397033691,7.811811923980713,"[[ 7.422394   8.058601   7.174574  ...  7.2957153  7.3823576  7.4482617]
 [12.16583   12.332219  13.632819  ... 15.057896  14.656342  13.545151 ]
 [15.119164  15.4368515 15.797854  ... 18.369558  20.779285  21.316307 ]
 ...
 [ 8.730049   8.671691   9.322016  ...  9.197662   9.247117   9.183582 ]
 [14.189565  13.081465  12.9274645 ... 12.2570095 11.642814  11.790444 ]
 [ 6.783915   6.699704   6.7828417 ...  6.955848   7.071095   7.2510552]]",models/tft_11_1973_New_York_Jets_season.pt
"1,4-Cyclohexanedione",1,2.3691577911376953,3.287266731262207,"[[7.5967293 7.357176  6.1427746 ... 4.7278466 7.20803   7.2366295]
 [7.430216  6.0828753 4.239218  ... 7.3753786 7.5239377 7.656372 ]
 [7.5315876 7.8297706 7.7762604 ... 4.269073  4.5491295 7.51523  ]
 ...
 [6.8574996 6.445805  5.082607  ... 3.6440785 5.7813344 5.875418 ]
 [4.739111  4.5272098 4.815175  ... 8.250765  8.293112  8.486982 ]
 [5.6271944 3.6543477 3.7993398 ... 6.500233  6.5814013 6.4196725]]",models/tft_12_14-Cyclohexanedione.pt
Blastobasis leucogonia,1,0.0915178582072258,0.35998374223709106,"[[7.6272421e-16 3.0680079e-16 9.8177365e-16 ... 7.7984725e-16
  7.0198200e-16 6.0404852e-16]
 [6.1379496e-16 4.8360896e-16 4.6773323e-16 ... 4.4650828e-16
  4.2200439e-16 4.7141428e-16]
 [1.3904084e-15 9.0720977e-16 5.7491583e-16 ... 3.1290080e-16
  1.1543039e-15 1.0315231e-15]
 ...
 [2.1014470e-15 1.6073556e-15 1.3536478e-15 ... 1.1497773e-15
  1.1240515e-15 9.6015102e-16]
 [7.3206511e-16 5.1598071e-16 5.1481678e-16 ... 5.5784431e-16
  5.2780592e-16 5.0181027e-16]
 [4.8073593e-16 1.5034931e-15 1.1989681e-15 ... 8.3360520e-16
  5.8842161e-16 3.1208781e-16]]",models/tft_13_Blastobasis_leucogonia.pt
British Independent Film Awards 2010,1,1.3699584007263184,3.515894651412964,"[[1.3802462 1.3749729 1.2945957 ... 1.3162463 1.329933  1.3413968]
 [1.5803173 1.5228804 1.5032451 ... 1.4372654 1.4404324 1.4396302]
 [1.1009352 1.076476  1.1333396 ... 1.1861721 1.19842   1.2112398]
 ...
 [1.3681324 1.3289919 1.3406346 ... 1.3538517 1.363221  1.376992 ]
 [1.5267229 1.4899166 1.4944638 ... 1.4536698 1.457287  1.462208 ]
 [1.3164148 1.183695  1.1901047 ... 1.2085681 1.2139152 1.2224785]]",models/tft_14_British_Independent_Film_Awards_2010.pt
2006 Masters of Formula 3,1,1.3646016120910645,2.474731922149658,"[[1.319964  1.2116821 1.2229059 ... 1.1838226 1.2001    1.2028881]
 [1.0288756 1.1759193 1.214638  ... 1.1835546 1.0430479 1.0325618]
 [2.2878404 2.0866644 2.046396  ... 2.1630116 2.2548332 2.3362448]
 ...
 [2.2219644 2.1714246 2.1680021 ... 2.0311852 2.143551  2.2405813]
 [1.6187596 1.619194  1.7695355 ... 1.685526  1.516484  1.5358797]
 [2.1049235 2.0558708 2.0748067 ... 2.1360173 2.3161118 2.2719612]]",models/tft_15_2006_Masters_of_Formula_3.pt
Balázs Hajdú,1,0.6505197286605835,1.3747698068618774,"[[2.74868079e-20 2.62282962e-20 2.50795061e-19 ... 9.89788941e-20
  4.59892678e-20 2.37943851e-20]
 [9.92973663e-19 6.93627960e-19 3.10299539e-19 ... 1.00210204e-19
  9.35024414e-20 1.04351347e-18]
 [1.28697557e-18 8.36556912e-19 3.68519354e-19 ... 1.18506069e-19
  1.09339616e-19 1.17638194e-18]
 ...
 [4.12331829e-19 3.87120940e-19 3.54980708e-19 ... 1.09158796e-18
  8.76717564e-19 5.82569037e-19]
 [1.56306621e-19 1.10887051e-19 9.81303618e-20 ... 9.89978236e-19
  6.06700997e-19 2.65841890e-19]
 [2.52373922e-18 2.02264333e-18 1.26568953e-18 ... 5.23973475e-19
  5.26271124e-19 2.44758401e-19]]",models/tft_16_Balázs_Hajdú.pt
3 cm MK 303 Flak,1,5.707691669464111,10.481497764587402,"[[40.652073 41.0366   43.26908  ... 45.21009  45.629654 40.026756]
 [24.204632 26.451492 26.660288 ... 25.392859 24.183506 23.919888]
 [33.43588  33.540848 33.437527 ... 34.41132  34.141895 34.2502  ]
 ...
 [23.590984 23.700378 24.767252 ... 25.35873  25.29447  25.188812]
 [39.77724  39.762257 39.863346 ... 32.72226  32.125095 31.843676]
 [35.788395 35.613335 36.247063 ... 37.84074  38.03892  39.995373]]",models/tft_17_3_cm_MK_303_Flak.pt
Baarìa,1,0.8300824165344238,3.3628954887390137,"[[3.92258483e-11 2.19594325e-11 2.13761647e-11 ... 6.81337844e-15
  9.79316708e-15 8.76568817e-15]
 [2.46578279e-12 1.63801644e-12 8.06224618e-12 ... 3.38940546e-13
  4.28359686e-13 1.61764352e-11]
 [4.31392579e-13 2.99807379e-13 8.29470065e-13 ... 7.98253268e-14
  9.39313663e-14 1.68970968e-12]
 ...
 [1.88782732e-13 1.28690271e-13 2.46681507e-14 ... 7.78222430e-14
  9.72834196e-15 1.06484425e-14]
 [2.27137645e-13 2.60199116e-13 6.10750220e-13 ... 2.14177702e-13
  1.26558649e-13 6.88578860e-13]
 [1.18785908e-13 1.08600859e-13 8.91120809e-14 ... 4.09964814e-13
  1.55509167e-14 1.91948372e-14]]",models/tft_18_Baarìa.pt
"Bogert House (Demarest, New Jersey)",1,0.5460633039474487,0.9747557640075684,"[[3.1327615e-14 2.6284967e-14 2.3710915e-14 ... 3.6591339e-14
  1.9551445e-14 2.0692786e-14]
 [2.9146905e-14 2.3056396e-14 3.8093413e-14 ... 1.8463085e-14
  1.9859865e-14 2.5098040e-14]
 [5.3646546e-16 5.6572844e-16 5.2987168e-16 ... 8.4522871e-16
  8.4088709e-16 4.2437748e-16]
 ...
 [3.2042123e-16 2.9958745e-16 2.8202206e-16 ... 8.4693607e-16
  1.5886777e-15 2.4125939e-16]
 [7.1139020e-16 2.0149069e-15 1.6924617e-15 ... 3.4808740e-16
  3.8156637e-16 3.7184974e-16]
 [2.5478027e-13 1.3258782e-13 2.3948730e-13 ... 3.3621695e-13
  1.2798658e-12 9.9773629e-13]]",models/tft_19_Bogert_House_Demarest_New_Jersey.pt
Antonio Tublén,1,1.4027642011642456,1.936144232749939,"[[1.2793326e-10 1.0982167e-10 1.2962907e-10 ... 6.6915989e-10
  1.1690908e-09 1.6979247e-09]
 [8.2355014e-14 2.5073699e-13 3.7354858e-13 ... 1.7397443e-14
  1.6746378e-14 9.9394261e-14]
 [7.5186270e-15 1.1167180e-14 1.3330282e-14 ... 1.7835687e-13
  1.9107582e-13 3.5426685e-13]
 ...
 [2.0891600e-13 3.6533615e-13 1.8447880e-14 ... 2.1560312e-14
  1.2398066e-13 2.1646111e-13]
 [2.1856317e-10 4.6596443e-10 1.0266662e-09 ... 2.3885824e-09
  5.5807803e-10 2.8918157e-10]
 [2.9320218e-13 4.5168784e-13 4.2661783e-14 ... 8.2418501e-14
  1.5858759e-13 2.3531210e-13]]",models/tft_20_Antonio_Tublén.pt
1965 Upper Voltan parliamentary election,2,0.5779584050178528,1.0758172273635864,"[[9.3215800e-19 1.7721129e-18 3.2774556e-18 ... 6.9521396e-21
  7.5634229e-21 2.7778583e-20]
 [2.1353618e-12 3.0664169e-12 2.3804242e-12 ... 2.6500145e-12
  2.6116284e-12 3.4839065e-14]
 [2.0218266e-17 5.2867618e-17 8.0148031e-17 ... 9.3421646e-17
  9.6329828e-17 1.4037525e-16]
 ...
 [1.6655323e-12 1.8990634e-12 2.1638732e-12 ... 2.3226620e-12
  3.2294205e-14 3.6419635e-14]
 [9.7104241e-17 1.3615708e-16 2.2929457e-16 ... 1.8216225e-15
  1.8838256e-15 4.8973887e-17]
 [5.3648606e-23 1.2164287e-22 3.3764130e-19 ... 1.6316159e-22
  3.8872448e-22 3.7659081e-22]]",models/tft_1_1965_Upper_Voltan_parliamentary_election.pt
APE 4.80,2,0.873573899269104,1.3944555521011353,"[[1.3429985e-11 1.4233512e-11 1.3373392e-11 ... 1.8499598e-11
  2.1270177e-11 2.0683625e-11]
 [1.6148876e-11 2.5644108e-11 2.6986155e-11 ... 8.9153650e-12
  1.0559468e-11 1.3332922e-11]
 [6.5597296e-18 1.3578096e-17 1.1050096e-14 ... 6.1417299e-13
  6.3202612e-13 3.8741779e-12]
 ...
 [7.1459452e-15 1.0003921e-13 9.6549233e-14 ... 3.8150727e-13
  1.8176653e-12 1.7500933e-12]
 [4.3004199e-13 3.4995056e-13 5.4663826e-13 ... 8.3771553e-13
  8.0999432e-13 1.3348207e-12]
 [3.0824314e-12 2.4836960e-12 2.2251255e-13 ... 4.9105311e-13
  4.7408946e-13 6.8932262e-13]]",models/tft_2_APE_480.pt
5DX,2,2.7151381969451904,4.138232707977295,"[[ 6.7523317  5.336421   5.344652  ...  3.3650477  3.0897865  3.117955 ]
 [10.581152  10.540215   7.434699  ...  2.6615598  8.877411   9.635922 ]
 [ 9.925242  10.23317   10.234077  ... 10.512923  10.486354  10.472576 ]
 ...
 [ 4.529226   4.319248   3.6273577 ...  9.038633   9.287374   9.68792  ]
 [ 4.3554254 10.204016  10.754762  ... 11.20579    8.64638    3.669751 ]
 [ 8.710514   4.0246716  3.167172  ... 10.416411  10.866711  10.87205  ]]",models/tft_3_5DX.pt
Australs Football Club,2,0.5984693765640259,1.0235118865966797,"[[1.42544651e-14 6.05012764e-15 1.83818110e-14 ... 1.17624518e-14
  1.54193082e-14 2.57958988e-14]
 [5.46923414e-15 6.03104780e-15 5.93399011e-15 ... 3.11778428e-16
  2.44778387e-16 2.06013223e-16]
 [1.08918074e-16 1.25976603e-16 1.32592671e-16 ... 1.54295601e-16
  1.20832042e-16 1.08584118e-16]
 ...
 [6.76592893e-15 6.10758951e-15 5.81599842e-15 ... 6.17249214e-15
  1.61496826e-14 1.32617594e-14]
 [2.05923662e-16 1.92493359e-16 1.84412810e-16 ... 2.02506175e-16
  2.96047438e-16 2.37242811e-16]
 [6.51654210e-15 1.84960418e-14 1.39638887e-14 ... 6.50025535e-15
  5.77703744e-15 5.80883676e-15]]",models/tft_4_Australs_Football_Club.pt
Arcadia High School (Louisiana),2,1.5613983869552612,2.1491384506225586,"[[2.3059226e-09 1.8723398e-09 1.6082252e-09 ... 8.0256773e-10
  8.4598772e-10 5.2295646e-10]
 [4.7014179e-09 8.0301676e-09 1.7900074e-08 ... 2.4073682e-08
  1.7077496e-09 2.9013694e-09]
 [1.0560228e-08 2.6154172e-08 2.8061203e-08 ... 2.5347304e-09
  2.1030373e-09 4.2005928e-09]
 ...
 [1.7252596e-08 1.7775280e-08 2.7829291e-08 ... 1.7205963e-08
  2.4174345e-09 3.5972911e-09]
 [4.5181543e-09 3.3339762e-09 4.7014090e-09 ... 5.1889990e-09
  5.8615202e-09 2.7854501e-09]
 [7.9227402e-10 6.0653715e-10 1.1766610e-09 ... 2.1046183e-09
  1.3976981e-09 1.5675257e-09]]",models/tft_5_Arcadia_High_School_Louisiana.pt
Bibliome,2,1.14695405960083,1.6938581466674805,"[[2.0196621e-06 9.2944066e-07 1.4147359e-06 ... 2.9254700e-06
  3.3905822e-06 2.8145698e-06]
 [7.5228712e-08 9.0499945e-08 8.2530278e-08 ... 1.9189148e-08
  2.9908108e-08 4.8804303e-08]
 [2.4905360e-06 4.9559924e-07 2.4069283e-07 ... 3.1347147e-07
  4.9209615e-07 6.7824737e-07]
 ...
 [3.3859315e-08 5.0505495e-08 7.7679225e-08 ... 8.9333916e-08
  5.4313102e-08 1.9664261e-08]
 [2.6004639e-04 2.5417609e-04 1.1337889e-04 ... 1.7193677e-04
  1.7450415e-04 2.7008276e-04]
 [9.4116643e-07 3.3442393e-07 1.0796943e-10 ... 2.1374462e-10
  3.2592800e-09 2.6652026e-07]]",models/tft_6_Bibliome.pt
2009 Harmony Gold mine deaths,2,1.7873929738998413,3.1050519943237305,"[[1.6082358  1.3702931  1.188315   ... 1.0273451  1.0854273  1.1860032 ]
 [3.6324522  3.8138766  3.8245556  ... 4.514052   4.253893   4.2092156 ]
 [4.32323    4.3560457  4.383297   ... 4.588808   5.572188   5.5562067 ]
 ...
 [4.064196   4.7698116  4.694066   ... 4.3654065  4.0254335  3.9831245 ]
 [1.2473717  0.9982424  0.92382056 ... 1.0423894  1.4097679  1.3043665 ]
 [1.0969623  1.1411846  0.9212256  ... 0.95005476 1.0447508  1.091305  ]]",models/tft_7_2009_Harmony_Gold_mine_deaths.pt
Altynay Sapargalieva,2,1.404716968536377,5.160835266113281,"[[1.1196022 1.3536073 1.4851775 ... 1.5647447 1.5852175 1.5579422]
 [1.4373072 1.6351815 1.7362442 ... 1.8311988 1.8139166 1.8295553]
 [1.9929918 1.8310627 1.7233832 ... 1.6330258 1.6303408 1.6043695]
 ...
 [1.3984511 1.6573685 1.8110877 ... 1.9461803 1.9739274 1.9864283]
 [2.1018133 2.005852  1.9594306 ... 1.8939428 1.937166  1.971699 ]
 [1.4142919 1.3111274 1.1831882 ... 1.154494  1.3172456 1.3223525]]",models/tft_8_Altynay_Sapargalieva.pt
Bekovsky District,2,0.7508223652839661,1.3100697994232178,"[[7.05183321e-14 1.82235327e-14 6.55891069e-16 ... 7.62427127e-17
  7.91701711e-17 1.60217658e-15]
 [4.87889622e-15 3.28641054e-16 4.87438907e-17 ... 3.82106780e-16
  1.73173165e-15 1.88627758e-15]
 [9.11694765e-14 2.38806608e-14 4.28825210e-15 ... 2.13303304e-16
  1.06296414e-16 1.72027521e-15]
 ...
 [1.16833938e-13 3.46104303e-14 5.31477260e-15 ... 2.27039399e-16
  1.07129696e-16 1.86377572e-15]
 [3.13558150e-15 4.12584216e-16 1.05953922e-16 ... 2.89461016e-16
  1.21671614e-15 1.40521580e-15]
 [8.31064656e-17 3.00005835e-17 2.32920412e-17 ... 2.38434984e-16
  2.65684139e-16 2.53969621e-16]]",models/tft_9_Bekovsky_District.pt
Ballistic movement,2,4.218489170074463,6.204842567443848,"[[10.145379  11.154386  11.231619  ... 11.574281  11.726711  11.724503 ]
 [10.777481  10.581458  10.3093    ... 10.745099  10.757506  12.7178545]
 [ 8.543753   8.603023   9.217938  ... 12.529399  12.597542  13.370176 ]
 ...
 [16.785908  15.88327   21.308725  ... 22.260696  21.180185  18.257994 ]
 [11.384715   9.860371   9.074982  ... 11.651178  12.190961  12.334874 ]
 [ 9.038312   9.199566   9.154556  ...  8.596766   8.588415   8.634294 ]]",models/tft_10_Ballistic_movement.pt
Argentina (river),2,1.194515347480774,2.383547067642212,"[[5.8387113e-17 1.5907934e-16 1.1642046e-16 ... 1.7782396e-20
  4.5693037e-20 8.6568411e-19]
 [4.8078776e-14 4.4316520e-13 5.3161062e-13 ... 5.2928159e-13
  4.6018999e-13 1.2628062e-17]
 [1.7039067e-17 3.7858237e-17 5.4863217e-17 ... 7.5590136e-20
  1.3070273e-19 2.1741555e-18]
 ...
 [6.1328568e-13 4.5394605e-18 2.6881670e-18 ... 2.4259146e-13
  3.3603423e-13 3.2572661e-13]
 [1.1454372e-18 1.4100579e-17 1.4019697e-17 ... 1.2334451e-17
  3.6397200e-18 3.5995947e-18]
 [8.7581301e-16 7.3568559e-14 6.4435124e-14 ... 2.8598274e-13
  3.6442027e-13 3.6206674e-13]]",models/tft_11_Argentina_river.pt
Anwar Mohamed Ali,2,0.46462392807006836,0.8972133994102478,"[[4.05444081e-11 3.11411183e-12 1.35905935e-12 ... 3.88024736e-13
  2.78597718e-12 2.35906759e-12]
 [5.75062567e-13 1.13770415e-09 3.79135778e-10 ... 7.43936857e-12
  1.81480037e-12 5.67485457e-13]
 [1.30020872e-09 7.55934038e-10 2.70859501e-10 ... 4.24768901e-11
  4.06532100e-11 9.74363146e-10]
 ...
 [2.58474286e-13 1.06680464e-09 6.66690925e-10 ... 2.09902373e-11
  2.06837429e-11 7.63492459e-13]
 [1.37635285e-11 4.79811720e-12 2.06255551e-11 ... 1.22962942e-11
  6.27927831e-12 4.40781439e-12]
 [5.51867146e-12 2.00056486e-12 6.71307790e-13 ... 3.69733438e-10
  1.37570788e-10 2.58450882e-11]]",models/tft_12_Anwar_Mohamed_Ali.pt
2012 Canadian Masters Curling Championships,2,0.4738520383834839,1.4501935243606567,"[[2.6612762e-22 4.1923476e-17 6.4667855e-17 ... 8.4973444e-18
  1.4293033e-19 2.3703596e-21]
 [2.6526476e-17 1.2859554e-17 1.4097351e-17 ... 1.0623833e-18
  8.3400427e-20 1.1661362e-19]
 [2.4145340e-18 2.1025172e-19 2.5963217e-19 ... 1.2402926e-15
  4.9003625e-16 4.5090041e-16]
 ...
 [2.0814564e-20 2.4498620e-20 3.7165241e-17 ... 4.2891803e-17
  6.7762503e-18 1.3256769e-19]
 [1.0062660e-19 5.3158693e-22 7.5675459e-22 ... 3.8451484e-17
  3.0108471e-17 3.9465705e-18]
 [1.9888710e-18 2.0514174e-18 1.9896668e-19 ... 1.3479453e-20
  1.7507573e-20 2.0844005e-16]]",models/tft_13_2012_Canadian_Masters_Curling_Championships.pt
2013 Asian Tour,2,1.1737277507781982,1.78560209274292,"[[1.538129   1.3866059  1.3231806  ... 1.1555196  1.1568313  1.1680261 ]
 [0.677182   0.89030945 1.0293907  ... 1.1996788  1.229803   1.1442717 ]
 [1.2438807  1.2023923  1.2104303  ... 1.2399206  1.2861707  1.0300634 ]
 ...
 [0.9654583  1.0052519  1.0535591  ... 1.1176009  1.1681331  0.9373508 ]
 [0.31484064 0.43371168 0.4657446  ... 0.4053575  0.8249153  0.79137135]
 [1.4425212  1.3919477  1.2397301  ... 1.2324127  1.2463995  1.2539018 ]]",models/tft_14_2013_Asian_Tour.pt
1982 Victorian state election,2,4.508142948150635,13.939515113830566,"[[ 9.402763   9.405555   9.485595  ... 10.28167   10.12619    9.972226 ]
 [12.699047  12.398629  12.899826  ... 12.210059  11.922507  11.702568 ]
 [12.664635  11.53133   10.821389  ... 10.26909   10.879881  10.659218 ]
 ...
 [ 8.095114   8.079613   8.077461  ...  8.21477    8.28169    8.334135 ]
 [ 7.763034   7.659244   7.7124386 ...  8.359986   8.307136   8.230418 ]
 [ 7.922721   7.9859953  7.9621205 ...  7.9770155  8.055949   7.924731 ]]",models/tft_15_1982_Victorian_state_election.pt
Beauchemin (surname),2,1.3691481351852417,1.8761258125305176,"[[1.03503126e-07 1.59702918e-08 3.89030408e-09 ... 8.87517260e-08
  8.25342141e-08 6.49192700e-08]
 [2.62814603e-10 3.13505721e-10 4.74768627e-11 ... 7.99624082e-12
  7.60139174e-12 1.73819379e-12]
 [1.07813092e-09 2.06495976e-08 1.58661813e-08 ... 4.26872893e-09
  1.53068547e-09 7.03705427e-10]
 ...
 [1.55015023e-09 8.02535594e-10 1.13592886e-08 ... 1.32007525e-08
  1.27419311e-08 1.31042199e-08]
 [1.72296988e-09 6.49836949e-08 5.68395748e-08 ... 2.32766038e-08
  1.07755787e-08 3.41979001e-09]
 [1.18129400e-08 2.85832269e-09 2.24306529e-09 ... 9.45545864e-10
  5.66984348e-10 5.64882696e-10]]",models/tft_16_Beauchemin_surname.pt
1994 Plzeň municipal election,2,0.4785027503967285,0.8549709320068359,"[[3.2654768e-17 5.2621945e-17 4.2839803e-17 ... 8.9169998e-19
  1.0089571e-18 4.8812900e-18]
 [2.7890433e-17 5.3346584e-15 1.5265174e-15 ... 7.1367032e-17
  9.4389196e-17 8.2244263e-16]
 [7.8373576e-17 1.7579081e-16 1.8864936e-15 ... 4.3475486e-15
  1.1158914e-15 2.2678923e-16]
 ...
 [3.3000912e-16 3.1271705e-16 2.1316898e-17 ... 1.4371778e-17
  1.4367729e-16 1.9714402e-15]
 [8.0179791e-18 8.9740940e-18 9.3791892e-18 ... 4.0227561e-16
  1.0633575e-16 2.1112316e-17]
 [7.4754845e-19 7.7295711e-19 8.3411921e-19 ... 3.2062633e-18
  2.2384447e-17 2.2577058e-17]]",models/tft_17_1994_Plzeň_municipal_election.pt
Brian McCarthy Memorial Moosehead Award,2,0.8434984683990479,1.6130090951919556,"[[7.9028995e-16 1.4218506e-15 3.2992347e-09 ... 1.8602574e-10
  1.6788083e-10 1.2687486e-12]
 [3.5350600e-10 2.8357205e-10 8.3695163e-14 ... 8.5148190e-14
  1.0077768e-13 8.7956376e-14]
 [4.1339940e-09 1.4771214e-14 2.7000427e-14 ... 4.5780240e-14
  2.7601454e-08 1.4191273e-08]
 ...
 [4.3845729e-15 6.0353700e-09 5.3824945e-10 ... 3.1369530e-14
  1.5394477e-14 1.1165263e-14]
 [1.4739574e-15 2.2582506e-15 1.8778703e-15 ... 4.5824908e-09
  2.5850637e-09 2.1718226e-10]
 [4.5151713e-10 2.1632182e-11 3.4560972e-13 ... 7.4852590e-15
  3.3636157e-15 1.6972655e-15]]",models/tft_18_Brian_McCarthy_Memorial_Moosehead_Award.pt
1990s in Angola,2,1.7003082036972046,3.5576601028442383,"[[1.4359777 1.5153931 2.2633584 ... 2.2283733 2.0720456 1.8587343]
 [1.8820167 1.7352927 2.3230026 ... 2.2019162 2.0290384 1.7996365]
 [1.9207588 1.9829308 1.9813874 ... 1.767454  1.7372684 1.7312156]
 ...
 [1.8934735 1.8025877 1.681249  ... 1.6388434 2.0703344 2.060428 ]
 [1.4824134 1.5514166 1.5322912 ... 1.5533001 1.5609864 2.099173 ]
 [2.1355975 2.1661012 2.0448914 ... 1.8794289 1.8761492 2.422373 ]]",models/tft_19_1990s_in_Angola.pt
2006 Grand Prix SAR La Princesse Lalla Meryem – Doubles,2,0.35397255420684814,0.863743782043457,"[[7.1086082e-17 4.6199989e-17 1.6282003e-17 ... 9.1930879e-16
  9.8810459e-16 7.4626176e-16]
 [1.8825718e-19 1.2008699e-19 6.3164668e-20 ... 9.5845107e-20
  8.1886670e-18 5.9323936e-19]
 [7.2820884e-20 7.1469083e-20 8.4690848e-20 ... 4.5282187e-18
  4.2909126e-18 4.8531746e-20]
 ...
 [6.8655786e-17 4.0707318e-17 1.0245376e-17 ... 1.3674989e-17
  2.2814189e-17 2.9606197e-17]
 [1.1225468e-16 4.9566300e-17 3.8612583e-17 ... 6.3514324e-19
  7.0194878e-19 5.1032130e-17]
 [1.7035955e-16 1.1460197e-16 1.0372050e-15 ... 1.3472599e-15
  1.2980960e-15 3.2409290e-14]]",models/tft_20_2006_Grand_Prix_SAR_La_Princesse_Lalla_Meryem_Doubles.pt
"Anytime, Any Place, Anywhere",3,1.284641981124878,1.7031888961791992,"[[1.3278857 1.245089  1.3085574 ... 1.524303  1.55752   1.5564795]
 [2.66333   2.7045045 2.719139  ... 2.7286613 2.6937764 2.6840513]
 [1.4940438 1.4451629 1.4365237 ... 1.4086816 1.2399065 1.2239392]
 ...
 [1.2211738 1.268335  1.2777364 ... 1.1658562 1.1651458 1.2034562]
 [2.2749662 2.2000253 2.1334674 ... 1.985085  2.015756  1.979026 ]
 [1.3905802 1.2263151 1.2661731 ... 1.4616258 1.4959197 1.4982755]]",models/tft_1_Anytime_Any_Place_Anywhere.pt
Alton C. Parker,3,2.0412888526916504,4.090761661529541,"[[2.2203286 1.6712067 1.420895  ... 2.6785498 2.864779  2.7454913]
 [1.2229142 1.0613055 1.0011219 ... 1.5588567 1.4085422 1.3112644]
 [1.7352617 1.6474673 1.6334078 ... 1.9998038 2.0037367 1.9978265]
 ...
 [1.673908  1.5023841 1.3823419 ... 1.2139057 1.2619008 1.1370232]
 [1.3068311 1.2575276 1.2215112 ... 1.1916285 1.2170929 3.5194333]
 [1.247925  1.0992137 1.0723706 ... 1.537494  1.4153051 1.2868872]]",models/tft_2_Alton_C_Parker.pt
Beth Rowley,3,36.99114227294922,173.56094360351562,"[[ 53.806046  51.885193  50.66475  ...  53.67083   59.09382   63.05182 ]
 [129.56944  133.91426  137.73209  ... 117.46642  114.0337   114.47251 ]
 [111.71075  110.051636 113.15617  ... 129.19397  117.68121  106.06385 ]
 ...
 [209.46112  214.15405  192.61685  ... 175.40822  170.82684  169.70422 ]
 [ 48.298126  48.76837   50.78148  ...  61.057243  57.804817  53.71369 ]
 [102.40815  103.65215   91.336914 ...  84.54282   82.58579   79.88054 ]]",models/tft_3_Beth_Rowley.pt
1979 Tasmanian state election,3,1.9875597953796387,4.654189109802246,"[[1.8844714 1.9247851 1.8153374 ... 2.29188   2.2425041 2.09918  ]
 [7.50929   7.59322   7.6324883 ... 7.703263  7.6853    7.712681 ]
 [1.9217954 1.7907956 1.6682163 ... 1.5773392 1.5581357 1.533049 ]
 ...
 [1.8317088 1.868214  1.9445626 ... 2.035276  2.3573012 2.2408216]
 [1.797484  1.6762112 1.6057584 ... 1.5597425 1.5320908 1.9198014]
 [2.8983667 2.8310175 2.7086532 ... 2.9239283 2.6890976 2.5145597]]",models/tft_4_1979_Tasmanian_state_election.pt
1937 Colombian parliamentary election,3,0.6151785850524902,1.055959701538086,"[[2.74341597e-17 1.26936978e-17 2.02220250e-19 ... 1.87563672e-15
  2.59223846e-16 1.03665854e-16]
 [3.44640682e-21 3.18741730e-21 3.29182240e-21 ... 3.21043195e-21
  6.32811223e-21 1.97152750e-18]
 [2.15019628e-17 1.95268921e-17 8.46196555e-16 ... 9.85337546e-17
  6.67858215e-17 1.91049919e-17]
 ...
 [2.86192528e-15 2.33231597e-17 1.48986188e-19 ... 4.13164534e-20
  2.32345478e-16 2.36577784e-15]
 [2.34239791e-19 1.74949630e-19 2.03358954e-19 ... 2.64261839e-17
  1.46987533e-15 1.77757932e-15]
 [7.77169467e-21 7.80595319e-21 1.44306224e-16 ... 3.45171776e-16
  5.88800478e-18 1.33415856e-20]]",models/tft_5_1937_Colombian_parliamentary_election.pt
142nd New York State Legislature,3,1.1016483306884766,2.207188367843628,"[[1.8284262e-13 2.1048469e-13 2.1839530e-13 ... 1.1903426e-13
  1.3341685e-13 1.6251692e-13]
